        TIME,    TIDE,      OB,   SURGE,    BIAS,     TWL,SURGE90p,  TWL90p,SURGE10p,   TWL10p
202609250600,   0.600,9999.000,   2.100,9999.000,   2.700,   1.900,   2.500,   2.400,   3.000
202609250606,   0.612,9999.000,9999.000,9999.000,9999.000,9999.000,9999.000,9999.000,9999.000
202609250612,   0.631,9999.000,9999.000,9999.000,9999.000,9999.000,9999.000,9999.000,9999.000
202609250618,   0.656,9999.000,9999.000,9999.000,9999.000,9999.000,9999.000,9999.000,9999.000
202609250624,   0.687,9999.000,9999.000,9999.000,9999.000,9999.000,9999.000,9999.000,9999.000
202609250630,   0.725,9999.000,9999.000,9999.000,9999.000,9999.000,9999.000,9999.000,9999.000
202609250636,   0.768,9999.000,9999.000,9999.000,9999.000,9999.000,9999.000,9999.000,9999.000
202609250642,   0.816,9999.000,9999.000,9999.000,9999.000,9999.000,9999.000,9999.000,9999.000
202609250648,   0.870,9999.000,9999.000,9999.000,9999.000,9999.000,9999.000,9999.000,9999.000
202609250654,   0.928,9999.000,9999.000,9999.000,9999.000,9999.000,9999.000,9999.000,9999.000
202609250700,   0.991,   3.358,   2.100,   0.267,   3.358,   1.900,   3.158,   2.400,   3.658
202609250706,   1.058,   3.260,9999.000,9999.000,9999.000,9999.000,9999.000,9999.000,9999.000
202609250712,   1.129,   3.299,9999.000,9999.000,9999.000,9999.000,9999.000,9999.000,9999.000
202609250718,   1.204,   3.440,9999.000,9999.000,9999.000,9999.000,9999.000,9999.000,9999.000
202609250724,   1.281,   3.480,9999.000,9999.000,9999.000,9999.000,9999.000,9999.000,9999.000
202609250730,   1.362,   3.558,9999.000,9999.000,9999.000,9999.000,9999.000,9999.000,9999.000
202609250736,   1.445,   3.617,9999.000,9999.000,9999.000,9999.000,9999.000,9999.000,9999.000
202609250742,   1.531,   3.670,9999.000,9999.000,9999.000,9999.000,9999.000,9999.000,9999.000
202609250748,   1.618,   3.768,9999.000,9999.000,9999.000,9999.000,9999.000,9999.000,9999.000
202609250754,   1.708,   3.860,9999.000,9999.000,9999.000,9999.000,9999.000,9999.000,9999.000
202609250800,   1.799,   4.037,   2.100,   0.138,   4.037,   1.900,   3.837,   2.500,   4.437
202609250806,   1.891,   4.027,9999.000,9999.000,9999.000,9999.000,9999.000,9999.000,9999.000
202609250812,   1.985,   4.090,9999.000,9999.000,9999.000,9999.000,9999.000,9999.000,9999.000
202609250818,   2.080,   4.168,9999.000,9999.000,9999.000,9999.000,9999.000,9999.000,9999.000
202609250824,   2.176,   4.267,9999.000,9999.000,9999.000,9999.000,9999.000,9999.000,9999.000
202609250830,   2.272,   4.368,9999.000,9999.000,9999.000,9999.000,9999.000,9999.000,9999.000
202609250836,   2.370,   4.480,9999.000,9999.000,9999.000,9999.000,9999.000,9999.000,9999.000
202609250842,   2.467,   4.677,9999.000,9999.000,9999.000,9999.000,9999.000,9999.000,9999.000
202609250848,   2.565,   4.749,9999.000,9999.000,9999.000,9999.000,9999.000,9999.000,9999.000
202609250854,   2.663,   4.828,9999.000,9999.000,9999.000,9999.000,9999.000,9999.000,9999.000
202609250900,   2.761,   4.900,   2.100,   0.039,   4.900,   1.900,   4.700,   2.500,   5.300
202609250906,   2.859,   4.867,9999.000,9999.000,9999.000,9999.000,9999.000,9999.000,9999.000
202609250912,   2.956,   4.949,9999.000,9999.000,9999.000,9999.000,9999.000,9999.000,9999.000
202609250918,   3.053,   5.008,9999.000,9999.000,9999.000,9999.000,9999.000,9999.000,9999.000
202609250924,   3.149,   5.120,9999.000,9999.000,9999.000,9999.000,9999.000,9999.000,9999.000
202609250930,   3.244,   5.218,9999.000,9999.000,9999.000,9999.000,9999.000,9999.000,9999.000
202609250936,   3.338,   5.238,9999.000,9999.000,9999.000,9999.000,9999.000,9999.000,9999.000
202609250942,   3.430,   5.320,9999.000,9999.000,9999.000,9999.000,9999.000,9999.000,9999.000
202609250948,   3.521,   5.398,9999.000,9999.000,9999.000,9999.000,9999.000,9999.000,9999.000
202609250954,   3.609,   5.598,9999.000,9999.000,9999.000,9999.000,9999.000,9999.000,9999.000
202609251000,   3.695,   5.618,   2.200,  -0.277,   5.618,   2.000,   5.418,   2.500,   5.918
202609251006,   3.779,   5.589,9999.000,9999.000,9999.000,9999.000,9999.000,9999.000,9999.000
202609251012,   3.860,   5.638,9999.000,9999.000,9999.000,9999.000,9999.000,9999.000,9999.000
202609251018,   3.938,   5.697,9999.000,9999.000,9999.000,9999.000,9999.000,9999.000,9999.000
202609251024,   4.012,   5.769,9999.000,9999.000,9999.000,9999.000,9999.000,9999.000,9999.000
202609251030,   4.083,   5.828,9999.000,9999.000,9999.000,9999.000,9999.000,9999.000,9999.000
202609251036,   4.151,   5.877,9999.000,9999.000,9999.000,9999.000,9999.000,9999.000,9999.000
202609251042,   4.214,   6.018,9999.000,9999.000,9999.000,9999.000,9999.000,9999.000,9999.000
202609251048,   4.272,   6.097,9999.000,9999.000,9999.000,9999.000,9999.000,9999.000,9999.000
202609251054,   4.327,   6.149,9999.000,9999.000,9999.000,9999.000,9999.000,9999.000,9999.000
202609251100,   4.376,   6.189,   2.200,  -0.387,   6.189,   2.000,   5.989,   2.500,   6.489
202609251106,   4.421,   6.149,9999.000,9999.000,9999.000,9999.000,9999.000,9999.000,9999.000
202609251112,   4.461,   6.199,9999.000,9999.000,9999.000,9999.000,9999.000,9999.000,9999.000
202609251118,   4.496,   6.258,9999.000,9999.000,9999.000,9999.000,9999.000,9999.000,9999.000
202609251124,   4.525,   6.307,9999.000,9999.000,9999.000,9999.000,9999.000,9999.000,9999.000
202609251130,   4.549,   6.346,9999.000,9999.000,9999.000,9999.000,9999.000,9999.000,9999.000
202609251136,   4.568,   6.428,9999.000,9999.000,9999.000,9999.000,9999.000,9999.000,9999.000
202609251142,   4.581,   6.468,9999.000,9999.000,9999.000,9999.000,9999.000,9999.000,9999.000
202609251148,   4.589,   6.599,9999.000,9999.000,9999.000,9999.000,9999.000,9999.000,9999.000
202609251154,   4.591,   6.648,9999.000,9999.000,9999.000,9999.000,9999.000,9999.000,9999.000
202609251200,   4.588,   6.687,   2.300,  -0.201,   6.687,   2.000,   6.387,   2.600,   6.987
202609251206,   4.580,   6.609,9999.000,9999.000,9999.000,9999.000,9999.000,9999.000,9999.000
202609251212,   4.566,   6.678,9999.000,9999.000,9999.000,9999.000,9999.000,9999.000,9999.000
202609251218,   4.547,   6.697,9999.000,9999.000,9999.000,9999.000,9999.000,9999.000,9999.000
202609251224,   4.522,   6.737,9999.000,9999.000,9999.000,9999.000,9999.000,9999.000,9999.000
202609251230,   4.493,   6.766,9999.000,9999.000,9999.000,9999.000,9999.000,9999.000,9999.000
202609251236,   4.458,   6.766,9999.000,9999.000,9999.000,9999.000,9999.000,9999.000,9999.000
202609251242,   4.419,   6.887,9999.000,9999.000,9999.000,9999.000,9999.000,9999.000,9999.000
202609251248,   4.374,   6.917,9999.000,9999.000,9999.000,9999.000,9999.000,9999.000,9999.000
202609251254,   4.326,   6.917,9999.000,9999.000,9999.000,9999.000,9999.000,9999.000,9999.000
202609251300,   4.273,   6.897,   2.300,   0.324,   6.897,   2.100,   6.697,   2.600,   7.197
202609251306,   4.215,   6.779,9999.000,9999.000,9999.000,9999.000,9999.000,9999.000,9999.000
202609251312,   4.154,   6.779,9999.000,9999.000,9999.000,9999.000,9999.000,9999.000,9999.000
202609251318,   4.089,   6.756,9999.000,9999.000,9999.000,9999.000,9999.000,9999.000,9999.000
202609251324,   4.020,   6.717,9999.000,9999.000,9999.000,9999.000,9999.000,9999.000,9999.000
202609251330,   3.948,   6.697,9999.000,9999.000,9999.000,9999.000,9999.000,9999.000,9999.000
202609251336,   3.872,   6.658,9999.000,9999.000,9999.000,9999.000,9999.000,9999.000,9999.000
202609251342,   3.794,   6.619,9999.000,9999.000,9999.000,9999.000,9999.000,9999.000,9999.000
202609251348,   3.713,   6.569,9999.000,9999.000,9999.000,9999.000,9999.000,9999.000,9999.000
202609251354,   3.630,   6.527,9999.000,9999.000,9999.000,9999.000,9999.000,9999.000,9999.000
202609251400,   3.544,   6.589,   2.400,   0.645,   6.589,   2.100,   6.289,   2.700,   6.889
202609251406,   3.457,   6.409,9999.000,9999.000,9999.000,9999.000,9999.000,9999.000,9999.000
202609251412,   3.367,   6.346,9999.000,9999.000,9999.000,9999.000,9999.000,9999.000,9999.000
202609251418,   3.277,   6.277,9999.000,9999.000,9999.000,9999.000,9999.000,9999.000,9999.000
202609251424,   3.184,   6.209,9999.000,9999.000,9999.000,9999.000,9999.000,9999.000,9999.000
202609251430,   3.091,   6.136,9999.000,9999.000,9999.000,9999.000,9999.000,9999.000,9999.000
202609251436,   2.997,   6.077,9999.000,9999.000,9999.000,9999.000,9999.000,9999.000,9999.000
202609251442,   2.902,   6.008,9999.000,9999.000,9999.000,9999.000,9999.000,9999.000,9999.000
202609251448,   2.806,   5.940,9999.000,9999.000,9999.000,9999.000,9999.000,9999.000,9999.000
202609251454,   2.710,   5.979,9999.000,9999.000,9999.000,9999.000,9999.000,9999.000,9999.000
202609251500,   2.614,   5.917,   2.400,   0.903,   5.917,   2.200,   5.717,   2.700,   6.217
202609251506,   2.518,   5.769,9999.000,9999.000,9999.000,9999.000,9999.000,9999.000,9999.000
202609251512,   2.421,   5.697,9999.000,9999.000,9999.000,9999.000,9999.000,9999.000,9999.000
202609251518,   2.325,   5.628,9999.000,9999.000,9999.000,9999.000,9999.000,9999.000,9999.000
202609251524,   2.228,   5.559,9999.000,9999.000,9999.000,9999.000,9999.000,9999.000,9999.000
202609251530,   2.133,   5.497,9999.000,9999.000,9999.000,9999.000,9999.000,9999.000,9999.000
202609251536,   2.037,   5.398,9999.000,9999.000,9999.000,9999.000,9999.000,9999.000,9999.000
202609251542,   1.943,   5.339,9999.000,9999.000,9999.000,9999.000,9999.000,9999.000,9999.000
202609251548,   1.849,   5.247,9999.000,9999.000,9999.000,9999.000,9999.000,9999.000,9999.000
202609251554,   1.756,   5.277,9999.000,9999.000,9999.000,9999.000,9999.000,9999.000,9999.000
202609251600,   1.664,   5.198,   2.500,   1.034,   5.198,   2.300,   4.998,   2.800,   5.498
202609251606,   1.573,   5.018,9999.000,9999.000,9999.000,9999.000,9999.000,9999.000,9999.000
202609251612,   1.484,   4.969,9999.000,9999.000,9999.000,9999.000,9999.000,9999.000,9999.000
202609251618,   1.397,   4.900,9999.000,9999.000,9999.000,9999.000,9999.000,9999.000,9999.000
202609251624,   1.312,   4.818,9999.000,9999.000,9999.000,9999.000,9999.000,9999.000,9999.000
202609251630,   1.229,   4.719,9999.000,9999.000,9999.000,9999.000,9999.000,9999.000,9999.000
202609251636,   1.149,   4.647,9999.000,9999.000,9999.000,9999.000,9999.000,9999.000,9999.000
202609251642,   1.072,   4.559,9999.000,9999.000,9999.000,9999.000,9999.000,9999.000,9999.000
202609251648,   0.998,   4.490,9999.000,9999.000,9999.000,9999.000,9999.000,9999.000,9999.000
202609251654,   0.928,   4.408,9999.000,9999.000,9999.000,9999.000,9999.000,9999.000,9999.000
202609251700,   0.862,   4.427,   2.600,   0.965,   4.427,   2.300,   4.127,   2.900,   4.727
202609251706,   0.800,   4.247,9999.000,9999.000,9999.000,9999.000,9999.000,9999.000,9999.000
202609251712,   0.742,   4.188,9999.000,9999.000,9999.000,9999.000,9999.000,9999.000,9999.000
202609251718,   0.690,   4.090,9999.000,9999.000,9999.000,9999.000,9999.000,9999.000,9999.000
202609251724,   0.643,   3.998,9999.000,9999.000,9999.000,9999.000,9999.000,9999.000,9999.000
202609251730,   0.602,   3.929,9999.000,9999.000,9999.000,9999.000,9999.000,9999.000,9999.000
202609251736,   0.567,   3.847,9999.000,9999.000,9999.000,9999.000,9999.000,9999.000,9999.000
202609251742,   0.538,   3.768,9999.000,9999.000,9999.000,9999.000,9999.000,9999.000,9999.000
202609251748,   0.515,   3.817,9999.000,9999.000,9999.000,9999.000,9999.000,9999.000,9999.000
202609251754,   0.499,   3.758,9999.000,9999.000,9999.000,9999.000,9999.000,9999.000,9999.000
202609251800,   0.490,   3.689,   2.500,   0.699,   3.689,   2.300,   3.489,   2.800,   3.989
202609251806,   0.488,   3.637,9999.000,9999.000,9999.000,9999.000,9999.000,9999.000,9999.000
202609251812,   0.493,   3.568,9999.000,9999.000,9999.000,9999.000,9999.000,9999.000,9999.000
202609251818,   0.505,   3.519,9999.000,9999.000,9999.000,9999.000,9999.000,9999.000,9999.000
202609251824,   0.523,   3.489,9999.000,9999.000,9999.000,9999.000,9999.000,9999.000,9999.000
202609251830,   0.549,   3.427,9999.000,9999.000,9999.000,9999.000,9999.000,9999.000,9999.000
202609251836,   0.581,   3.417,9999.000,9999.000,9999.000,9999.000,9999.000,9999.000,9999.000
202609251842,   0.619,   3.388,9999.000,9999.000,9999.000,9999.000,9999.000,9999.000,9999.000
202609251848,   0.664,   3.417,9999.000,9999.000,9999.000,9999.000,9999.000,9999.000,9999.000
202609251854,   0.715,   3.440,9999.000,9999.000,9999.000,9999.000,9999.000,9999.000,9999.000
202609251900,   0.772,   3.440,   2.600,   0.068,   3.440,   2.300,   3.140,   2.900,   3.740
202609251906,   0.835,   3.388,9999.000,9999.000,9999.000,9999.000,9999.000,9999.000,9999.000
202609251912,   0.902,   3.407,9999.000,9999.000,9999.000,9999.000,9999.000,9999.000,9999.000
202609251918,   0.974,   3.489,9999.000,9999.000,9999.000,9999.000,9999.000,9999.000,9999.000
202609251924,   1.050,   3.568,9999.000,9999.000,9999.000,9999.000,9999.000,9999.000,9999.000
202609251930,   1.131,   3.670,9999.000,9999.000,9999.000,9999.000,9999.000,9999.000,9999.000
202609251936,   1.215,   3.729,9999.000,9999.000,9999.000,9999.000,9999.000,9999.000,9999.000
202609251942,   1.303,   3.827,9999.000,9999.000,9999.000,9999.000,9999.000,9999.000,9999.000
202609251948,   1.393,   3.929,9999.000,9999.000,9999.000,9999.000,9999.000,9999.000,9999.000
202609251954,   1.487,   4.090,9999.000,9999.000,9999.000,9999.000,9999.000,9999.000,9999.000
202609252000,   1.582,   4.188,   2.600,   0.006,   4.188,   2.400,   3.988,   3.000,   4.588
202609252006,   1.679,   4.139,9999.000,9999.000,9999.000,9999.000,9999.000,9999.000,9999.000
202609252012,   1.779,   4.198,9999.000,9999.000,9999.000,9999.000,9999.000,9999.000,9999.000
202609252018,   1.879,   4.267,9999.000,9999.000,9999.000,9999.000,9999.000,9999.000,9999.000
202609252024,   1.981,   4.368,9999.000,9999.000,9999.000,9999.000,9999.000,9999.000,9999.000
202609252030,   2.084,   4.559,9999.000,9999.000,9999.000,9999.000,9999.000,9999.000,9999.000
202609252036,   2.187,   4.628,9999.000,9999.000,9999.000,9999.000,9999.000,9999.000,9999.000
202609252042,   2.291,   4.710,9999.000,9999.000,9999.000,9999.000,9999.000,9999.000,9999.000
202609252048,   2.396,   4.769,9999.000,9999.000,9999.000,9999.000,9999.000,9999.000,9999.000
202609252054,   2.500,   4.867,9999.000,9999.000,9999.000,9999.000,9999.000,9999.000,9999.000
202609252100,   2.605,   4.969,   2.700,  -0.336,   4.969,   2.400,   4.669,   3.100,   5.369
202609252106,   2.710,   4.949,9999.000,9999.000,9999.000,9999.000,9999.000,9999.000,9999.000
202609252112,   2.814,   5.129,9999.000,9999.000,9999.000,9999.000,9999.000,9999.000,9999.000
202609252118,   2.918,   5.218,9999.000,9999.000,9999.000,9999.000,9999.000,9999.000,9999.000
202609252124,   3.021,   5.277,9999.000,9999.000,9999.000,9999.000,9999.000,9999.000,9999.000
202609252130,   3.124,   5.359,9999.000,9999.000,9999.000,9999.000,9999.000,9999.000,9999.000
202609252136,   3.225,   5.457,9999.000,9999.000,9999.000,9999.000,9999.000,9999.000,9999.000
202609252142,   3.325,   5.530,9999.000,9999.000,9999.000,9999.000,9999.000,9999.000,9999.000
202609252148,   3.424,   5.598,9999.000,9999.000,9999.000,9999.000,9999.000,9999.000,9999.000
202609252154,   3.522,   5.667,9999.000,9999.000,9999.000,9999.000,9999.000,9999.000,9999.000
202609252200,   3.618,   5.749,   2.800,  -0.669,   5.749,   2.500,   5.449,   3.300,   6.249
202609252206,   3.712,   5.717,9999.000,9999.000,9999.000,9999.000,9999.000,9999.000,9999.000
202609252212,   3.803,   5.779,9999.000,9999.000,9999.000,9999.000,9999.000,9999.000,9999.000
202609252218,   3.893,   5.867,9999.000,9999.000,9999.000,9999.000,9999.000,9999.000,9999.000
202609252224,   3.979,   5.940,9999.000,9999.000,9999.000,9999.000,9999.000,9999.000,9999.000
202609252230,   4.063,   6.018,9999.000,9999.000,9999.000,9999.000,9999.000,9999.000,9999.000
202609252236,   4.144,   6.077,9999.000,9999.000,9999.000,9999.000,9999.000,9999.000,9999.000
202609252242,   4.221,   6.136,9999.000,9999.000,9999.000,9999.000,9999.000,9999.000,9999.000
202609252248,   4.295,   6.209,9999.000,9999.000,9999.000,9999.000,9999.000,9999.000,9999.000
202609252254,   4.365,   6.287,9999.000,9999.000,9999.000,9999.000,9999.000,9999.000,9999.000
202609252300,   4.431,   6.428,   2.900,  -0.903,   6.428,   2.600,   6.128,   3.400,   6.928
202609252306,   4.493,   6.428,9999.000,9999.000,9999.000,9999.000,9999.000,9999.000,9999.000
202609252312,   4.550,   6.497,9999.000,9999.000,9999.000,9999.000,9999.000,9999.000,9999.000
202609252318,   4.603,   6.537,9999.000,9999.000,9999.000,9999.000,9999.000,9999.000,9999.000
202609252324,   4.651,   6.599,9999.000,9999.000,9999.000,9999.000,9999.000,9999.000,9999.000
202609252330,   4.694,   6.668,9999.000,9999.000,9999.000,9999.000,9999.000,9999.000,9999.000
202609252336,   4.732,   6.717,9999.000,9999.000,9999.000,9999.000,9999.000,9999.000,9999.000
202609252342,   4.765,   6.756,9999.000,9999.000,9999.000,9999.000,9999.000,9999.000,9999.000
202609252348,   4.793,   6.838,9999.000,9999.000,9999.000,9999.000,9999.000,9999.000,9999.000
202609252354,   4.816,   6.999,9999.000,9999.000,9999.000,9999.000,9999.000,9999.000,9999.000
202609260000,   4.833,   7.038,   2.800,  -0.595,   7.038,   2.500,   6.738,   3.200,   7.438
202609260006,   4.844,   6.979,9999.000,9999.000,9999.000,9999.000,9999.000,9999.000,9999.000
202609260012,   4.851,   7.009,9999.000,9999.000,9999.000,9999.000,9999.000,9999.000,9999.000
202609260018,   4.851,   7.058,9999.000,9999.000,9999.000,9999.000,9999.000,9999.000,9999.000
202609260024,   4.846,   7.107,9999.000,9999.000,9999.000,9999.000,9999.000,9999.000,9999.000
202609260030,   4.836,   7.176,9999.000,9999.000,9999.000,9999.000,9999.000,9999.000,9999.000
202609260036,   4.821,   7.238,9999.000,9999.000,9999.000,9999.000,9999.000,9999.000,9999.000
202609260042,   4.800,   7.366,9999.000,9999.000,9999.000,9999.000,9999.000,9999.000,9999.000
202609260048,   4.774,   7.386,9999.000,9999.000,9999.000,9999.000,9999.000,9999.000,9999.000
202609260054,   4.742,   7.439,9999.000,9999.000,9999.000,9999.000,9999.000,9999.000,9999.000
202609260100,   4.706,   7.458,   2.900,  -0.148,   7.458,   2.500,   7.058,   3.300,   7.858
202609260106,   4.665,   7.357,9999.000,9999.000,9999.000,9999.000,9999.000,9999.000,9999.000
202609260112,   4.618,   7.376,9999.000,9999.000,9999.000,9999.000,9999.000,9999.000,9999.000
202609260118,   4.567,   7.376,9999.000,9999.000,9999.000,9999.000,9999.000,9999.000,9999.000
202609260124,   4.512,   7.376,9999.000,9999.000,9999.000,9999.000,9999.000,9999.000,9999.000
202609260130,   4.452,   7.409,9999.000,9999.000,9999.000,9999.000,9999.000,9999.000,9999.000
202609260136,   4.388,   7.419,9999.000,9999.000,9999.000,9999.000,9999.000,9999.000,9999.000
202609260142,   4.320,   7.376,9999.000,9999.000,9999.000,9999.000,9999.000,9999.000,9999.000
202609260148,   4.248,   7.386,9999.000,9999.000,9999.000,9999.000,9999.000,9999.000,9999.000
202609260154,   4.173,   7.357,9999.000,9999.000,9999.000,9999.000,9999.000,9999.000,9999.000
202609260200,   4.094,   7.429,   3.000,   0.335,   7.429,   2.600,   7.029,   3.400,   7.829
202609260206,   4.012,   7.278,9999.000,9999.000,9999.000,9999.000,9999.000,9999.000,9999.000
202609260212,   3.927,   7.219,9999.000,9999.000,9999.000,9999.000,9999.000,9999.000,9999.000
202609260218,   3.840,   7.199,9999.000,9999.000,9999.000,9999.000,9999.000,9999.000,9999.000
202609260224,   3.750,   7.156,9999.000,9999.000,9999.000,9999.000,9999.000,9999.000,9999.000
202609260230,   3.658,   7.127,9999.000,9999.000,9999.000,9999.000,9999.000,9999.000,9999.000
202609260236,   3.563,   7.038,9999.000,9999.000,9999.000,9999.000,9999.000,9999.000,9999.000
202609260242,   3.467,   6.999,9999.000,9999.000,9999.000,9999.000,9999.000,9999.000,9999.000
202609260248,   3.370,   6.947,9999.000,9999.000,9999.000,9999.000,9999.000,9999.000,9999.000
202609260254,   3.271,   6.979,9999.000,9999.000,9999.000,9999.000,9999.000,9999.000,9999.000
202609260300,   3.171,   6.947,   3.100,   0.676,   6.947,   2.700,   6.547,   3.600,   7.447
202609260306,   3.070,   6.789,9999.000,9999.000,9999.000,9999.000,9999.000,9999.000,9999.000
202609260312,   2.968,   6.717,9999.000,9999.000,9999.000,9999.000,9999.000,9999.000,9999.000
202609260318,   2.866,   6.668,9999.000,9999.000,9999.000,9999.000,9999.000,9999.000,9999.000
202609260324,   2.763,   6.619,9999.000,9999.000,9999.000,9999.000,9999.000,9999.000,9999.000
202609260330,   2.659,   6.579,9999.000,9999.000,9999.000,9999.000,9999.000,9999.000,9999.000
202609260336,   2.556,   6.507,9999.000,9999.000,9999.000,9999.000,9999.000,9999.000,9999.000
202609260342,   2.452,   6.438,9999.000,9999.000,9999.000,9999.000,9999.000,9999.000,9999.000
202609260348,   2.349,   6.359,9999.000,9999.000,9999.000,9999.000,9999.000,9999.000,9999.000
202609260354,   2.245,   6.327,9999.000,9999.000,9999.000,9999.000,9999.000,9999.000,9999.000
202609260400,   2.142,   6.359,   3.400,   0.817,   6.359,   2.900,   5.859,   3.800,   6.759
202609260406,   2.040,   6.169,9999.000,9999.000,9999.000,9999.000,9999.000,9999.000,9999.000
202609260412,   1.938,   6.097,9999.000,9999.000,9999.000,9999.000,9999.000,9999.000,9999.000
202609260418,   1.838,   6.038,9999.000,9999.000,9999.000,9999.000,9999.000,9999.000,9999.000
202609260424,   1.738,   5.949,9999.000,9999.000,9999.000,9999.000,9999.000,9999.000,9999.000
202609260430,   1.640,   5.917,9999.000,9999.000,9999.000,9999.000,9999.000,9999.000,9999.000
202609260436,   1.543,   5.867,9999.000,9999.000,9999.000,9999.000,9999.000,9999.000,9999.000
202609260442,   1.448,   5.779,9999.000,9999.000,9999.000,9999.000,9999.000,9999.000,9999.000
202609260448,   1.355,   5.789,9999.000,9999.000,9999.000,9999.000,9999.000,9999.000,9999.000
202609260454,   1.264,   5.730,9999.000,9999.000,9999.000,9999.000,9999.000,9999.000,9999.000
202609260500,   1.176,   5.687,   3.600,   0.911,   5.687,   3.000,   5.087,   4.200,   6.287
202609260506,   1.091,   5.539,9999.000,9999.000,9999.000,9999.000,9999.000,9999.000,9999.000
202609260512,   1.009,   5.457,9999.000,9999.000,9999.000,9999.000,9999.000,9999.000,9999.000
202609260518,   0.932,   5.379,9999.000,9999.000,9999.000,9999.000,9999.000,9999.000,9999.000
202609260524,   0.858,   5.307,9999.000,9999.000,9999.000,9999.000,9999.000,9999.000,9999.000
202609260530,   0.788,   5.267,9999.000,9999.000,9999.000,9999.000,9999.000,9999.000,9999.000
202609260536,   0.724,   5.179,9999.000,9999.000,9999.000,9999.000,9999.000,9999.000,9999.000
202609260542,   0.665,   5.297,9999.000,9999.000,9999.000,9999.000,9999.000,9999.000,9999.000
202609260548,   0.611,   5.228,9999.000,9999.000,9999.000,9999.000,9999.000,9999.000,9999.000
202609260554,   0.564,   5.129,9999.000,9999.000,9999.000,9999.000,9999.000,9999.000,9999.000
202609260600,   0.522,   5.057,   3.500,   1.035,   5.057,   2.900,   4.457,   4.100,   5.657
202609260606,   0.487,   4.959,9999.000,9999.000,9999.000,9999.000,9999.000,9999.000,9999.000
202609260612,   0.459,   4.959,9999.000,9999.000,9999.000,9999.000,9999.000,9999.000,9999.000
202609260618,   0.438,   4.919,9999.000,9999.000,9999.000,9999.000,9999.000,9999.000,9999.000
202609260624,   0.424,   4.837,9999.000,9999.000,9999.000,9999.000,9999.000,9999.000,9999.000
202609260630,   0.418,   4.818,9999.000,9999.000,9999.000,9999.000,9999.000,9999.000,9999.000
202609260636,   0.419,   4.857,9999.000,9999.000,9999.000,9999.000,9999.000,9999.000,9999.000
202609260642,   0.427,   4.837,9999.000,9999.000,9999.000,9999.000,9999.000,9999.000,9999.000
202609260648,   0.442,   4.887,9999.000,9999.000,9999.000,9999.000,9999.000,9999.000,9999.000
